>CACAGCAGGGGG	Unknown-ESC-element(?)/mES-Nanog-ChIP-Seq(GSE11724)/Homer	7.697673	-7.412553	0	T:1165.0(11.65%),B:4128.9(10.64%),P:1e-3
0.120	0.837	0.034	0.009
0.481	0.232	0.014	0.273
0.014	0.983	0.002	0.001
0.920	0.003	0.011	0.066
0.020	0.018	0.953	0.009
0.008	0.943	0.005	0.044
0.875	0.001	0.042	0.082
0.028	0.001	0.921	0.050
0.002	0.001	0.993	0.004
0.302	0.062	0.504	0.132
0.282	0.036	0.519	0.163
0.233	0.129	0.501	0.137

>GGCCATTAAC	Nanog(Homeobox)/mES-Nanog-ChIP-Seq(GSE11724)/Homer,BestGuess:Nanog(Homeobox)/mES-Nanog-ChIP-Seq(GSE11724)/Homer	4.457057	-2.020737e+03	0	51498.0,25749.0,9393.2,6781.0,0.00e+00
0.401	0.024	0.489	0.086
0.085	0.283	0.572	0.06
0.026	0.762	0.016	0.196
0.301698301698302	0.618381618381618	0.034965034965035	0.0449550449550449
0.918081918081918	0.018981018981019	0.010989010989011	0.0519480519480519
0.001	0.003	0.001	0.995
0.001	0.364	0.003	0.632
0.736	0.116	0.036	0.112
0.58	0.115	0.24	0.065
0.182	0.477	0.227	0.114
